2020 4 12 22021
2020 4 13 23528
2020 4 14 25831
2020 4 15 28328
2020 4 16 32917
2020 4 17 36773
2020 4 18 38664
2020 4 19 40661
2020 4 20 42094
2020 4 21 44445
2020 4 22 46623
2020 4 23 49954
2020 4 24 51951
2020 4 25 53757
2020 4 26 54883
2020 4 27 56259
2020 4 28 58356
2020 4 29 60968
2020 4 30 62996
2020 5 1 64943
2020 5 2 66369
2020 5 3 67683
2020 5 4 68923
2020 5 5 71064
2020 5 6 73431
2020 5 7 75662
2020 5 8 77180
2020 5 9 78795
2020 5 10 79526
2020 5 11 80682
2020 5 12 82376
2020 5 13 84119
2020 5 14 85898
2020 5 15 87530
2020 5 16 88755
2020 5 17 89562
2020 5 18 90348
2020 5 19 91922
2020 5 20 93440
2020 5 21 94703
2020 5 22 95980
2020 5 23 97089
2020 5 24 97722
2020 5 25 98221
2020 5 26 98914
2020 5 27 100420
2020 5 28 101618
2020 5 29 102811
2020 5 30 103778
2020 5 31 104383
2020 6 1 105151
2020 6 2 106182
2020 6 3 107177
2020 6 4 108213
2020 6 5 109376
2020 6 6 110087
2020 6 7 110531
2020 6 8 111014
2020 6 9 111996
2020 6 10 112926
2020 6 11 113822
2020 6 12 114672
2020 6 13 115439
2020 6 14 115735
2020 6 15 116131
2020 6 16 116967
2020 6 17 117720
2020 6 18 118434
2020 6 19 119126
2020 6 20 119721
2020 6 21 119979
2020 6 22 120405
2020 6 23 121231
2020 6 24 121982
2020 6 25 124412
2020 6 26 125042
2020 6 27 125544
2020 6 28 125807
2020 6 29 126143
2020 6 30 127420
2020 7 1 128067
2020 7 2 128745
2020 7 3 129439
2020 7 4 129683
2020 7 5 129953
2020 7 6 130294
2020 7 7 131490
2020 7 8 132310
2020 7 9 133297
2020 7 10 134099
2020 7 11 134785
2020 7 12 135212
2020 7 13 135575
2020 7 14 136474
2020 7 15 137415
2020 7 16 138373
2020 7 17 139280
2020 7 18 140132
2020 7 19 140547
2020 7 20 140929
2020 7 21 142012
2020 7 22 143207
2020 7 23 144324
2020 7 24 145557
2020 7 25 146467
2020 7 26 146951
2020 7 27 148065
2020 7 28 149368
2020 7 29 150767
2020 7 30 152112
2020 7 31 153371
2020 8 1 154504
2020 8 2 154923
2020 8 3 155471
2020 8 4 156871
2020 8 5 158261
2020 8 6 160113
2020 8 7 161357
2020 8 8 162427
2020 8 9 162943
2020 8 10 163463
2020 8 11 164542
2020 8 12 166038
2020 8 13 167111
2020 8 14 168457
2020 8 15 169486
2020 8 16 170057
2020 8 17 170499
2020 8 18 171827
2020 8 19 173180
2020 8 20 174257
2020 8 21 175372
2020 8 22 176357
2020 8 23 176807
2020 8 24 177257
2020 8 25 178491
2020 8 26 179712
2020 8 27 180829
2020 8 28 181801
2020 8 29 182765
2020 8 30 183071
2020 8 31 183601
2020 9 1 184668
2020 9 2 185725
2020 9 3 186794
2020 9 4 187759
2020 9 5 188544
2020 9 6 188949
2020 9 7 189214
2020 9 8 189659
2020 9 9 190868
2020 9 10 191776
2020 9 11 192986
2020 9 12 193701
2020 9 13 194081
2020 9 14 194501
2020 9 15 195793
2020 9 16 196777
2020 9 17 197644
2020 9 18 198579
2020 9 19 199292
2020 9 20 199524
2020 9 21 199948
2020 9 22 200974
2020 9 23 202069
2020 9 24 202983
2020 9 25 203922
2020 9 26 204666
2020 9 27 204935
2020 9 28 205249
2020 9 29 206167
2020 9 30 207115
2020 10 1 207977
2020 10 2 208887
2020 10 3 209578
2020 10 4 209922
2020 10 5 210376
2020 10 6 211086
2020 10 7 212002
2020 10 8 212968
2020 10 9 213925
2020 10 10 214546
2020 10 11 214947
2020 10 12 215273
2020 10 13 216078
2020 10 14 217062
2020 10 15 217883
2020 10 16 218777
2020 10 17 219494
2020 10 18 219884
2020 10 19 220336
2020 10 20 221272
2020 10 21 222398
2020 10 22 223252
2020 10 23 224189
2020 10 24 225114
2020 10 25 225458
2020 10 26 225938
2020 10 27 226931
2020 10 28 227926
2020 10 29 228907
2020 10 30 229905
2020 10 31 230815
2020 11 1 231215
2020 11 2 231712
2020 11 3 233299
2020 11 4 234401
2020 11 5 235573
2020 11 6 236728
2020 11 7 237766
2020 11 8 238229
2020 11 9 238922
2020 11 10 240363
2020 11 11 241805
2020 11 12 243187
2020 11 13 244325
2020 11 14 245591
2020 11 15 246207
2020 11 16 246965
2020 11 17 248672
2020 11 18 250520
2020 11 19 251803.3880097623
2020 11 20 253128.77664251885
2020 11 21 254505.7491645943
2020 11 22 255937.45967899627
2020 11 23 257438.49421149748
2020 11 24 258996.66007699264
2020 11 25 260591.05099824438
2020 11 26 262223.2113097666
2020 11 27 263897.6403532798
2020 11 28 265612.52036654204
2020 11 29 267368.7951860024
2020 11 30 269167.3540030981
2020 12 1 271009.0274868073
2020 12 2 272894.56912036974
2020 12 3 274824.7042135431
2020 12 4 276800.17208443023
2020 12 5 278821.54676476045
2020 12 6 280889.32239311846
2020 12 7 283003.85590605636
2020 12 8 285165.3697503031
2020 12 9 287373.8565278502
2020 12 10 289629.19530878816
2020 12 11 291931.1590985357
2020 12 12 294279.18277861417
2020 12 13 296672.4635777214
2020 12 14 299110.1397365804
2020 12 15 301591.15898710786
2020 12 16 304114.4406313276
2020 12 17 306678.5102233071
2020 12 18 309281.7716385112
2020 12 19 311922.6287966077
2020 12 20 314599.66077348404
2020 12 21 317311.3879061955
2020 12 22 320056.2702036924
2020 12 23 322832.82923174655
2020 12 24 325639.4476455732
2020 12 25 328474.4237887868
2020 12 26 331336.08437311876
2020 12 27 334223.03130404
2020 12 28 337133.8731294334
2020 12 29 340067.24779068725
2020 12 30 343021.83963030076
2020 12 31 345996.2160728418
2021 1 1 348988.86255295825
2021 1 2 351998.4035805254
2021 1 3 355023.5325146729
2021 1 4 358062.774122597
2021 1 5 361114.41660930373
2021 1 6 364176.5765845583
2021 1 7 367247.450449996
2021 1 8 370325.33618170465
2021 1 9 373408.6281005538
2021 1 10 376495.9637840469
2021 1 11 379586.0677005263
2021 1 12 382677.7173562152
2021 1 13 385769.8357132343
2021 1 14 388861.460859884
2021 1 15 391951.6152836639
2021 1 16 395039.37700180325
2021 1 17 398123.88434731914
2021 1 18 401204.33394074015
2021 1 19 404280.00053809595
2021 1 20 407350.1967654872
2021 1 21 410414.2596450959
2021 1 22 413471.58209714195
2021 1 23 416521.57350345806
2021 1 24 419563.64368107344
2021 1 25 422597.297875576
2021 1 26 425622.12352400814
2021 1 27 428637.7485124992
2021 1 28 431643.8442048683
2021 1 29 434640.0610664995
