2020 8 25 41147.83708524786 39709.28397115929 42586.390199336434
2020 8 26 40638.78866354427 37848.19417970886 43528.63372738822
2020 8 27 40120.816142691416 36060.15331442911 44475.42076665751
2020 8 28 39585.401368874314 34334.97317964803 45416.14737462335
2020 8 29 39110.509249794246 32738.626408153646 46438.01163311458
2020 8 30 38635.454559747996 31211.594067308084 47475.91034002678
2020 8 31 38105.39075320706 29706.686799305382 48462.319572077366
2020 9 1 37596.871955912924 28285.467496951 49487.37549553644
2020 9 2 37075.42420381284 26917.40936020916 50508.1626483172
2020 9 3 36494.55127872616 25567.124461484073 51459.197917474296
2020 9 4 35917.311329994605 24280.744689872656 52420.43073948904
2020 9 5 35316.91406973368 23037.260604022755 53352.49596011526
2020 9 6 34729.198765159665 21859.184541933846 54305.13056950999
2020 9 7 34179.88166953134 20759.36540267064 55319.52403112054
2020 9 8 33625.17056938545 19706.32919043811 56330.07337379367
2020 9 9 33088.27820780592 18711.875957209446 57373.85219870064
2020 9 10 32642.375353200863 17814.214382942602 58579.879883729925
2020 9 11 32202.481555776005 16959.61617141704 59811.258886847805
2020 9 12 31768.515836529252 16146.015451413869 61068.52210571227
2020 9 13 31340.39830774432 15371.445457395244 62352.21363976234
2020 9 14 30918.050158284375 14634.033775124766 63662.88902568522
2020 9 15 30501.393639083904 13931.997815368877 65001.11547783309
2020 9 16 30090.352048836052 13263.640504737616 66367.4721336936
2020 9 17 29684.84971987287 12627.346183247902 67762.5503045203
2020 9 18 29284.812004235835 12021.57669869232 69186.95373123132
2020 9 19 28890.165259934085 11444.86768837206 70641.29884568739
2020 9 20 28500.83683738784 10895.825039205636 72126.21503746186
2020 9 21 28116.75506605451 10373.12151765621 73642.34492621849
2020 9 22 27737.84924123504 9875.493561330808 75190.34463981462
2020 9 23 27364.049611058046 9401.738224495604 76770.88409825042
2020 9 24 26995.287363639363 8950.71027012346 78384.6473035867
2020 9 25 26631.49461441463 8521.319401444161 80032.33263595702
